%YAML:1.0
---
type: IMU
name: yesense_h30
Gyr:
   unit: " rad/s"
   avg-axis:
      gyr_n: 1.2050330151032497e-03
      gyr_w: 1.4177677047615486e-05
   x-axis:
      gyr_n: 1.2623155598766864e-03
      gyr_w: 2.4136611009238089e-05
   y-axis:
      gyr_n: 1.1592777968871828e-03
      gyr_w: 7.4777035771905275e-06
   z-axis:
      gyr_n: 1.1935056885458799e-03
      gyr_w: 1.0918716556417845e-05
Acc:
   unit: " m/s^2"
   avg-axis:
      acc_n: 7.5656614363139437e-03
      acc_w: 2.9325075138204079e-04
   x-axis:
      acc_n: 8.0578441081736486e-03
      acc_w: 3.2643512375252296e-04
   y-axis:
      acc_n: 7.4860353715224745e-03
      acc_w: 2.8897060805311859e-04
   z-axis:
      acc_n: 7.1531048292457081e-03
      acc_w: 2.6434652234048081e-04
